WT	WT	WT	S6K1	S6K1	S6K1
WT 1A	WT 2A	WT 3A	S6K1- 4A	S6K1- 5A	S6K1- 6A
0.330417112	0.31944385	0.303593583	0.317005348	0.326759358	0.31944385
0.330417112	0.31944385	0.303593583	0.317005348	0.326759358	0.31944385
0.330417112	0.31944385	0.303593583	0.317005348	0.326759358	0.31944385
0.330417112	0.31944385	0.303593583	0.317005348	0.326759358	0.320663102
0.330417112	0.31944385	0.303593583	0.317005348	0.325540107	0.31944385
0.330417112	0.320663102	0.303593583	0.317005348	0.325540107	0.320663102
0.330417112	0.321882353	0.303593583	0.317005348	0.325540107	0.320663102
0.330417112	0.323101604	0.303593583	0.317005348	0.325540107	0.320663102
0.331636364	0.324320856	0.303593583	0.317005348	0.325540107	0.320663102
0.331636364	0.349925134	0.303593583	0.317005348	0.325540107	0.320663102
0.331636364	0.531593583	0.303593583	0.317005348	0.325540107	0.320663102
0.332855615	0.743743316	0.303593583	0.317005348	0.325540107	0.320663102
0.332855615	0.885176471	0.303593583	0.317005348	0.325540107	0.320663102
0.332855615	0.977839572	0.304812834	0.317005348	0.325540107	0.320663102
0.332855615	1.043679144	0.304812834	0.317005348	0.325540107	0.320663102
0.332855615	1.098545455	0.304812834	0.317005348	0.325540107	0.320663102
0.332855615	1.144877005	0.304812834	0.317005348	0.325540107	0.320663102
0.332855615	1.185112299	0.304812834	0.317005348	0.325540107	0.320663102
0.332855615	1.22168984	0.304812834	0.317005348	0.325540107	0.320663102
0.332855615	1.255828877	0.304812834	0.317005348	0.325540107	0.320663102
0.331636364	1.28631016	0.306032086	0.317005348	0.324320856	0.320663102
0.325540107	1.315572193	0.307251337	0.317005348	0.325540107	0.321882353
0.370652406	1.344834225	0.308470588	0.317005348	0.325540107	0.370652406
0.575486631	1.371657754	0.384064171	0.317005348	0.325540107	0.585240642
0.785197861	1.397262032	0.612064171	0.317005348	0.325540107	0.803486631
0.926631016	1.42286631	0.82055615	0.317005348	0.325540107	0.951016043
1.020513369	1.446032086	0.959550802	0.318224599	0.326759358	1.047336898
1.092449198	1.470417112	1.050994652	0.318224599	0.326759358	1.119272727
1.148534759	1.492363636	1.12171123	0.318224599	0.32797861	1.175358289
1.196085561	1.51431016	1.177796791	0.318224599	0.329197861	1.224128342
1.238759358	1.533818182	1.224128342	0.324320856	0.33773262	1.266802139
1.27655615	1.554545455	1.265582888	0.459657754	0.469411765	1.30459893
1.310695187	1.572834225	1.302160428	0.696192513	0.701069519	1.338737968
1.342395722	1.591122995	1.336299465	0.877860963	0.880299465	1.370438503
1.370438503	1.608192513	1.366780749	0.996128342	0.997347594	1.399700535
1.398481283	1.621604278	1.394823529	1.077818182	1.07659893	1.427743316
1.424085561	1.63257754	1.42286631	1.14	1.137561497	1.454566845
1.44968984	1.633796791	1.448470588	1.189989305	1.186331551	1.480171123
1.472855615	1.621604278	1.471636364	1.232663102	1.227786096	1.503336898
1.494802139	1.582588235	1.494802139	1.270459893	1.265582888	1.525283422
1.515529412	1.494802139	1.516748663	1.303379679	1.298502674	1.547229947
1.537475936	1.344834225	1.537475936	1.335080214	1.328983957	1.566737968
1.555764706	1.143657754	1.558203209	1.363122995	1.357026738	1.586245989
1.575272727	0.932727273	1.576491979	1.389946524	1.385069519	1.603315508
1.592342246	0.754716578	1.594780749	1.416770053	1.410673797	1.621604278
1.609411765	0.62059893	1.611850267	1.44115508	1.436278075	1.637454545
1.625262032	0.525497326	1.628919786	1.465540107	1.45944385	1.65086631
1.642331551	0.459657754	1.644770053	1.487486631	1.482609626	1.65940107
1.656962567	0.413326203	1.65940107	1.508213904	1.503336898	1.655743316
1.670374332	0.377967914	1.674032086	1.530160428	1.524064171	1.631358289
1.681347594	0.351144385	1.686224599	1.549668449	1.544791444	1.565518717
1.688663102	0.330417112	1.69597861	1.567957219	1.564299465	1.437497326
1.689882353	0.314566845	1.702074866	1.586245989	1.582588235	1.247294118
1.678909091	0.303593583	1.697197861	1.602096257	1.600877005	1.027828877
1.645989305	0.297497326	1.672812834	1.616727273	1.619165775	0.83031016
1.57771123	0.295058824	1.619165775	1.628919786	1.636235294	0.682780749
1.461882353	0.29140107	1.519187166	1.636235294	1.65086631	0.581582888
1.298502674	0.288962567	1.364342246	1.633796791	1.665497326	0.51086631
1.105860963	0.285304813	1.166823529	1.615508021	1.678909091	0.460877005
0.913219251	0.284085561	0.959550802	1.567957219	1.688663102	0.424299465
0.748620321	0.286524064	0.782759358	1.47773262	1.691101604	0.399914439
0.62059893	0.293839572	0.644983957	1.338737968	1.680128342	0.38284492
0.52915508	0.308470588	0.546224599	1.160727273	1.639893048	0.370652406
0.463315508	0.330417112	0.476727273	0.96686631	1.553326203	0.363336898
0.415764706	0.352363636	0.427957219	0.794951872	1.40457754	0.358459893
0.381625668	0.360898396	0.39259893	0.660834225	1.207058824	0.357240642
0.357240642	0.351144385	0.365775401	0.56573262	0.997347594	0.357240642
0.338951872	0.331636364	0.343828877	0.497454545	0.814459893	0.36455615
0.32797861	0.30968984	0.32797861	0.447465241	0.675465241	0.380406417
0.31944385	0.29140107	0.318224599	0.410887701	0.575486631	0.404791444
0.314566845	0.276770053	0.312128342	0.384064171	0.503550802	0.431614973
0.30968984	0.269454545	0.30968984	0.363336898	0.452342246	0.456
0.307251337	0.263358289	0.30968984	0.348705882	0.413326203	0.465754011
0.303593583	0.259700535	0.313347594	0.338951872	0.386502674	0.449903743
0.302374332	0.257262032	0.323101604	0.332855615	0.368213904	0.413326203
0.307251337	0.258481283	0.33773262	0.32797861	0.358459893	0.373090909
0.31944385	0.260919786	0.35602139	0.324320856	0.352363636	0.340171123
0.342609626	0.265796791	0.375529412	0.31944385	0.347486631	0.318224599
0.373090909	0.271893048	0.391379679	0.317005348	0.343828877	0.303593583
0.40113369	0.285304813	0.397475936	0.31944385	0.341390374	0.295058824
0.414545455	0.308470588	0.388941176	0.329197861	0.343828877	0.292620321
0.403572193	0.340171123	0.365775401	0.347486631	0.357240642	0.292620321
0.373090909	0.371871658	0.336513369	0.373090909	0.387721925	0.297497326
0.33773262	0.393818182	0.308470588	0.395037433	0.431614973	0.310909091
0.304812834	0.399914439	0.290181818	0.402352941	0.476727273	0.334074866
0.28286631	0.391379679	0.279208556	0.391379679	0.504770053	0.368213904
0.268235294	0.376748663	0.273112299	0.368213904	0.502331551	0.413326203
0.260919786	0.362117647	0.271893048	0.342609626	0.471850267	0.462096257
0.256042781	0.351144385	0.271893048	0.321882353	0.427957219	0.501112299
0.254823529	0.342609626	0.274331551	0.307251337	0.387721925	0.51940107
0.256042781	0.33773262	0.280427807	0.297497326	0.358459893	0.514524064
0.259700535	0.335294118	0.29140107	0.29140107	0.33773262	0.488919786
0.265796791	0.334074866	0.308470588	0.287743316	0.324320856	0.456
0.275550802	0.336513369	0.331636364	0.285304813	0.314566845	0.426737968
0.29140107	0.343828877	0.358459893	0.285304813	0.308470588	0.406010695
0.317005348	0.357240642	0.386502674	0.290181818	0.308470588	0.39259893
0.353582888	0.381625668	0.412106952	0.299935829	0.312128342	0.387721925
0.396256684	0.414545455	0.430395722	0.314566845	0.320663102	0.388941176
0.431614973	0.448684492	0.434053476	0.340171123	0.340171123	0.398695187
0.453561497	0.471850267	0.425518717	0.376748663	0.379187166	0.418203209
0.457219251	0.475508021	0.410887701	0.416983957	0.440149733	0.449903743
0.445026738	0.458438503	0.395037433	0.449903743	0.51086631	0.488919786
0.424299465	0.426737968	0.38284492	0.464534759	0.570609626	0.525497326
0.403572193	0.39259893	0.377967914	0.460877005	0.601090909	0.549882353
0.386502674	0.362117647	0.377967914	0.445026738	0.599871658	0.554759358
0.37431016	0.33773262	0.384064171	0.426737968	0.573048128	0.53768984
0.366994652	0.321882353	0.396256684	0.408449198	0.538909091	0.504770053
0.36455615	0.30968984	0.415764706	0.393818182	0.504770053	0.465754011
0.365775401	0.302374332	0.441368984	0.38284492	0.477946524	0.427957219
0.373090909	0.296278075	0.469411765	0.375529412	0.457219251	0.396256684
0.386502674	0.29140107	0.496235294	0.371871658	0.442588235	0.373090909
0.409668449	0.288962567	0.514524064	0.373090909	0.432834225	0.357240642
0.443807487	0.286524064	0.520620321	0.384064171	0.429176471	0.34626738
0.482823529	0.285304813	0.512085561	0.410887701	0.434053476	0.340171123
0.521839572	0.28286631	0.490139037	0.452342246	0.452342246	0.335294118
0.549882353	0.281647059	0.458438503	0.498673797	0.484042781	0.332855615
0.560855615	0.281647059	0.425518717	0.535251337	0.525497326	0.330417112
0.548663102	0.281647059	0.397475936	0.549882353	0.564513369	0.329197861
0.516962567	0.281647059	0.376748663	0.536470588	0.587679144	0.32797861
0.475508021	0.28286631	0.363336898	0.502331551	0.586459893	0.326759358
0.431614973	0.285304813	0.353582888	0.459657754	0.562074866	0.325540107
0.393818182	0.287743316	0.34626738	0.420641711	0.521839572	0.324320856
0.366994652	0.292620321	0.342609626	0.387721925	0.479165775	0.324320856
0.349925134	0.297497326	0.341390374	0.362117647	0.443807487	0.325540107
0.33773262	0.306032086	0.340171123	0.34626738	0.416983957	0.329197861
0.331636364	0.31944385	0.340171123	0.334074866	0.399914439	0.335294118
0.325540107	0.340171123	0.338951872	0.325540107	0.386502674	0.34626738
0.323101604	0.359679144	0.33773262	0.320663102	0.375529412	0.362117647
0.320663102	0.375529412	0.336513369	0.317005348	0.369433155	0.38284492
0.31944385	0.381625668	0.33773262	0.313347594	0.36455615	0.407229947
0.318224599	0.371871658	0.338951872	0.310909091	0.360898396	0.430395722
0.317005348	0.353582888	0.343828877	0.308470588	0.358459893	0.446245989
0.315786096	0.331636364	0.349925134	0.307251337	0.35602139	0.449903743
0.314566845	0.313347594	0.358459893	0.306032086	0.353582888	0.441368984
0.312128342	0.299935829	0.370652406	0.304812834	0.352363636	0.423080214
0.312128342	0.29140107	0.386502674	0.304812834	0.351144385	0.399914439
0.313347594	0.285304813	0.407229947	0.304812834	0.349925134	0.376748663
0.315786096	0.28286631	0.429176471	0.306032086	0.349925134	0.358459893
0.31944385	0.281647059	0.451122995	0.310909091	0.349925134	0.345048128
0.324320856	0.281647059	0.466973262	0.318224599	0.351144385	0.336513369
0.331636364	0.280427807	0.47428877	0.330417112	0.354802139	0.331636364
0.343828877	0.281647059	0.470631016	0.351144385	0.362117647	0.329197861
0.360898396	0.281647059	0.456	0.376748663	0.375529412	0.329197861
0.385283422	0.28286631	0.435272727	0.40113369	0.395037433	0.329197861
0.414545455	0.285304813	0.412106952	0.415764706	0.41942246	0.330417112
0.441368984	0.288962567	0.39259893	0.416983957	0.443807487	0.331636364
0.459657754	0.290181818	0.376748663	0.406010695	0.460877005	0.334074866
0.466973262	0.293839572	0.366994652	0.385283422	0.466973262	0.336513369
0.459657754	0.297497326	0.362117647	0.362117647	0.459657754	0.338951872
0.440149733	0.302374332	0.359679144	0.340171123	0.442588235	0.343828877
0.415764706	0.308470588	0.358459893	0.324320856	0.41942246	0.349925134
0.388941176	0.315786096	0.359679144	0.310909091	0.396256684	0.358459893
0.365775401	0.321882353	0.360898396	0.303593583	0.376748663	0.366994652
0.348705882	0.323101604	0.363336898	0.298716578	0.363336898	0.377967914
0.336513369	0.320663102	0.365775401	0.296278075	0.353582888	0.386502674
0.329197861	0.312128342	0.369433155	0.295058824	0.348705882	0.39259893
0.325540107	0.303593583	0.375529412	0.295058824	0.34626738	0.393818182
0.324320856	0.295058824	0.381625668	0.295058824	0.345048128	0.388941176
0.324320856	0.287743316	0.390160428	0.296278075	0.345048128	0.380406417
0.325540107	0.28286631	0.399914439	0.297497326	0.345048128	0.368213904
0.326759358	0.280427807	0.410887701	0.298716578	0.34626738	0.357240642
0.329197861	0.279208556	0.421860963	0.30115508	0.347486631	0.347486631
0.331636364	0.279208556	0.431614973	0.303593583	0.349925134	0.341390374
0.334074866	0.279208556	0.43771123	0.308470588	0.352363636	0.336513369
0.33773262	0.280427807	0.438930481	0.313347594	0.354802139	0.335294118
0.342609626	0.281647059	0.434053476	0.31944385	0.358459893	0.334074866
0.347486631	0.28286631	0.425518717	0.326759358	0.363336898	0.335294118
0.354802139	0.284085561	0.413326203	0.332855615	0.369433155	0.336513369
0.36455615	0.285304813	0.40113369	0.335294118	0.377967914	0.338951872
0.375529412	0.286524064	0.39259893	0.332855615	0.387721925	0.340171123
0.388941176	0.287743316	0.386502674	0.325540107	0.395037433	0.343828877
0.399914439	0.288962567	0.381625668	0.317005348	0.398695187	0.34626738
0.406010695	0.290181818	0.380406417	0.306032086	0.397475936	0.349925134
0.408449198	0.288962567	0.381625668	0.296278075	0.391379679	0.353582888
0.403572193	0.286524064	0.38284492	0.290181818	0.380406417	0.35602139
0.393818182	0.28286631	0.385283422	0.285304813	0.369433155	0.358459893
0.381625668	0.277989305	0.387721925	0.28286631	0.359679144	0.357240642
0.369433155	0.273112299	0.391379679	0.281647059	0.351144385	0.354802139
0.357240642	0.270673797	0.395037433	0.280427807	0.34626738	0.351144385
0.347486631	0.268235294	0.399914439	0.280427807	0.342609626	0.345048128
0.341390374	0.267016043	0.404791444	0.281647059	0.341390374	0.340171123
0.33773262	0.265796791	0.408449198	0.281647059	0.340171123	0.335294118
0.336513369	0.265796791	0.412106952	0.28286631	0.341390374	0.331636364
0.336513369	0.26457754	0.412106952	0.284085561	0.342609626	0.329197861
0.33773262	0.265796791	0.410887701	0.285304813	0.343828877	0.326759358
0.340171123	0.265796791	0.407229947	0.286524064	0.345048128	0.326759358
0.342609626	0.265796791	0.40113369	0.286524064	0.34626738	0.326759358
0.345048128	0.26457754	0.396256684	0.286524064	0.348705882	0.326759358
0.347486631	0.263358289	0.390160428	0.284085561	0.349925134	0.32797861
0.351144385	0.260919786	0.386502674	0.281647059	0.352363636	0.329197861
0.354802139	0.258481283	0.384064171	0.276770053	0.353582888	0.329197861
0.358459893	0.256042781	0.38284492	0.271893048	0.353582888	0.329197861
0.360898396	0.253604278	0.38284492	0.267016043	0.352363636	0.32797861
0.36455615	0.251165775	0.384064171	0.263358289	0.348705882	0.326759358
0.36455615	0.248727273	0.384064171	0.260919786	0.343828877	0.323101604
0.363336898	0.247508021	0.386502674	0.258481283	0.33773262	0.320663102
0.359679144	0.245069519	0.387721925	0.257262032	0.332855615	0.317005348
0.352363636	0.243850267	0.387721925	0.256042781	0.329197861	0.314566845
0.34626738	0.242631016	0.387721925	0.254823529	0.325540107	0.310909091
0.340171123	0.241411765	0.387721925	0.253604278	0.324320856	0.308470588
0.334074866	0.240192513	0.385283422	0.252385027	0.323101604	0.307251337
0.330417112	0.238973262	0.38284492	0.251165775	0.323101604	0.306032086
0.32797861	0.236534759	0.379187166	0.249946524	0.321882353	0.304812834
0.326759358	0.235315508	0.375529412	0.248727273	0.321882353	0.303593583
0.326759358	0.232877005	0.373090909	0.24628877	0.321882353	0.302374332
0.326759358	0.230438503	0.370652406	0.243850267	0.320663102	0.30115508
0.32797861	0.228	0.368213904	0.241411765	0.31944385	0.299935829
0.32797861	0.226780749	0.366994652	0.238973262	0.318224599	0.297497326
0.32797861	0.224342246	0.365775401	0.235315508	0.315786096	0.295058824
0.32797861	0.221903743	0.36455615	0.232877005	0.314566845	0.292620321
0.32797861	0.219465241	0.362117647	0.230438503	0.310909091	0.290181818
0.326759358	0.218245989	0.360898396	0.229219251	0.307251337	0.287743316
0.324320856	0.215807487	0.359679144	0.226780749	0.304812834	0.285304813
0.320663102	0.213368984	0.357240642	0.224342246	0.30115508	0.28286631
0.318224599	0.210930481	0.354802139	0.223122995	0.298716578	0.280427807
0.314566845	0.20971123	0.352363636	0.220684492	0.296278075	0.277989305
0.30968984	0.207272727	0.349925134	0.218245989	0.295058824	0.275550802
0.307251337	0.204834225	0.34626738	0.217026738	0.293839572	0.274331551
0.304812834	0.203614973	0.343828877	0.214588235	0.29140107	0.271893048
0.302374332	0.201176471	0.341390374	0.212149733	0.290181818	0.269454545
0.30115508	0.198737968	0.338951872	0.20971123	0.287743316	0.267016043
0.298716578	0.196299465	0.336513369	0.208491979	0.285304813	0.26457754
0.297497326	0.195080214	0.332855615	0.206053476	0.28286631	0.262139037
0.296278075	0.193860963	0.330417112	0.203614973	0.280427807	0.258481283
0.293839572	0.19142246	0.326759358	0.202395722	0.277989305	0.256042781
0.292620321	0.190203209	0.323101604	0.199957219	0.275550802	0.253604278
0.288962567	0.188983957	0.31944385	0.198737968	0.273112299	0.251165775
0.286524064	0.186545455	0.317005348	0.196299465	0.270673797	0.248727273
0.284085561	0.185326203	0.313347594	0.193860963	0.268235294	0.24628877
0.280427807	0.182887701	0.310909091	0.19142246	0.265796791	0.243850267
0.276770053	0.181668449	0.307251337	0.190203209	0.263358289	0.241411765
0.274331551	0.180449198	0.303593583	0.187764706	0.260919786	0.238973262
0.271893048	0.178010695	0.30115508	0.186545455	0.258481283	0.236534759
0.269454545	0.176791444	0.297497326	0.184106952	0.256042781	0.234096257
0.267016043	0.176791444	0.293839572	0.181668449	0.252385027	0.231657754
0.26457754	0.175572193	0.290181818	0.180449198	0.249946524	0.229219251
0.262139037	0.175572193	0.287743316	0.178010695	0.247508021	0.225561497
0.259700535	0.174352941	0.284085561	0.175572193	0.245069519	0.224342246
0.257262032	0.17313369	0.280427807	0.174352941	0.242631016	0.221903743
0.253604278	0.171914439	0.276770053	0.17313369	0.240192513	0.219465241
0.251165775	0.171914439	0.273112299	0.171914439	0.236534759	0.217026738
0.247508021	0.171914439	0.269454545	0.169475936	0.234096257	0.214588235
0.245069519	0.171914439	0.267016043	0.168256684	0.231657754	0.213368984
0.242631016	0.171914439	0.26457754	0.167037433	0.229219251	0.210930481
0.240192513	0.171914439	0.260919786	0.165818182	0.226780749	0.20971123
0.237754011	0.17313369	0.258481283	0.16459893	0.225561497	0.208491979
0.234096257	0.171914439	0.256042781	0.162160428	0.223122995	0.207272727
0.231657754	0.171914439	0.253604278	0.160941176	0.220684492	0.204834225
0.229219251	0.171914439	0.251165775	0.159721925	0.218245989	0.203614973
0.225561497	0.171914439	0.249946524	0.158502674	0.217026738	0.202395722
0.223122995	0.170695187	0.247508021	0.157283422	0.214588235	0.201176471
0.220684492	0.170695187	0.245069519	0.157283422	0.213368984	0.198737968
0.217026738	0.171914439	0.243850267	0.156064171	0.212149733	0.197518717
0.214588235	0.175572193	0.241411765	0.15484492	0.210930481	0.196299465
0.212149733	0.178010695	0.240192513	0.15484492	0.208491979	0.195080214
0.20971123	0.180449198	0.237754011	0.15484492	0.207272727	0.195080214
0.207272727	0.179229947	0.236534759	0.153625668	0.206053476	0.195080214
0.206053476	0.176791444	0.234096257	0.153625668	0.204834225	0.193860963
0.203614973	0.174352941	0.232877005	0.153625668	0.203614973	0.193860963
0.201176471	0.179229947	0.231657754	0.153625668	0.202395722	0.192641711
0.199957219	0.184106952	0.230438503	0.153625668	0.202395722	0.192641711
0.197518717	0.188983957	0.230438503	0.153625668	0.201176471	0.192641711
0.196299465	0.192641711	0.229219251	0.153625668	0.201176471	0.193860963
0.195080214	0.196299465	0.228	0.153625668	0.201176471	0.196299465
0.193860963	0.196299465	0.229219251	0.153625668	0.201176471	0.197518717
0.19142246	0.198737968	0.230438503	0.15484492	0.202395722	0.199957219
0.190203209	0.199957219	0.231657754	0.158502674	0.202395722	0.204834225
0.188983957	0.210930481	0.232877005	0.165818182	0.203614973	0.208491979
0.187764706	0.236534759	0.232877005	0.169475936	0.203614973	0.208491979
0.186545455	0.296278075	0.235315508	0.170695187	0.203614973	0.206053476
0.185326203	0.290181818	0.236534759	0.169475936	0.204834225	0.206053476
0.184106952	0.236534759	0.240192513	0.169475936	0.206053476	0.208491979
0.182887701	0.207272727	0.245069519	0.170695187	0.210930481	0.212149733
0.181668449	0.195080214	0.245069519	0.175572193	0.214588235	0.214588235
0.181668449	0.188983957	0.245069519	0.179229947	0.219465241	0.218245989
0.181668449	0.185326203	0.247508021	0.182887701	0.221903743	0.220684492
0.180449198	0.182887701	0.251165775	0.186545455	0.221903743	0.223122995
0.181668449	0.180449198	0.253604278	0.19142246	0.223122995	0.231657754
0.182887701	0.179229947	0.257262032	0.193860963	0.221903743	0.257262032
0.187764706	0.176791444	0.273112299	0.196299465	0.225561497	0.296278075
0.188983957	0.176791444	0.308470588	0.217026738	0.231657754	0.318224599
0.187764706	0.175572193	0.340171123	0.248727273	0.241411765	0.249946524
0.192641711	0.174352941	0.275550802	0.285304813	0.251165775	0.199957219
0.196299465	0.174352941	0.219465241	0.240192513	0.254823529	0.178010695
0.197518717	0.174352941	0.195080214	0.199957219	0.256042781	0.169475936
0.198737968	0.17313369	0.185326203	0.181668449	0.257262032	0.165818182
0.204834225	0.17313369	0.180449198	0.174352941	0.271893048	0.162160428
0.208491979	0.171914439	0.176791444	0.170695187	0.308470588	0.159721925
0.212149733	0.171914439	0.17313369	0.168256684	0.351144385	0.158502674
0.220684492	0.171914439	0.171914439	0.165818182	0.295058824	0.156064171
0.229219251	0.171914439	0.169475936	0.16459893	0.223122995	0.15484492
0.236534759	0.170695187	0.168256684	0.162160428	0.187764706	0.153625668
0.241411765	0.170695187	0.167037433	0.160941176	0.174352941	0.153625668
0.260919786	0.170695187	0.165818182	0.160941176	0.168256684	0.152406417
0.29140107		0.165818182	0.159721925	0.16459893	0.151187166
0.326759358		0.16459893	0.158502674	0.162160428	0.151187166
0.273112299		0.16459893	0.158502674	0.159721925	0.151187166
0.210930481		0.163379679	0.157283422	0.157283422	0.149967914
0.181668449		0.162160428	0.157283422	0.156064171	0.149967914
0.170695187		0.162160428	0.157283422	0.15484492	0.149967914
0.16459893		0.162160428	0.156064171	0.153625668	0.148748663
0.160941176		0.160941176	0.156064171	0.152406417	0.148748663
0.158502674		0.160941176	0.156064171	0.152406417	0.148748663
0.156064171		0.160941176	0.15484492	0.151187166	0.147529412
0.15484492		0.159721925	0.15484492	0.151187166	0.147529412
0.152406417		0.159721925	0.15484492	0.151187166	
0.151187166		0.159721925	0.15484492	0.149967914	
0.149967914		0.158502674	0.15484492	0.149967914	
0.149967914		0.158502674	0.153625668	0.149967914	
0.148748663		0.158502674	0.153625668	0.149967914	
0.148748663		0.157283422	0.153625668	0.148748663	
0.147529412		0.157283422	0.153625668	0.148748663	
0.147529412		0.157283422	0.153625668	0.148748663	
0.147529412			0.152406417	0.148748663	
0.14631016			0.152406417	0.147529412	
0.14631016			0.152406417		
0.14631016			0.152406417		
0.145090909			0.152406417		
0.145090909			0.152406417
			0.152406417
			0.152406417
			0.152406417
			0.152406417
			0.152406417
			0.151187166
			0.151187166
			0.151187166
			0.151187166
			0.151187166
			0.151187166
			0.151187166
			0.149967914
			0.149967914
			0.149967914
			0.149967914
			0.149967914
			0.149967914
			0.149967914
			0.149967914
			0.149967914
			0.149967914
			0.149967914
			0.149967914
			0.149967914
			0.149967914
			0.149967914
			0.149967914
			0.149967914
			0.149967914
			0.148748663
			0.148748663
			0.148748663
			0.147529412
			0.147529412
			0.147529412
			0.147529412
			0.147529412
			0.147529412
			0.147529412
			0.148748663
			0.148748663
			0.148748663
			0.149967914
			0.149967914
			0.148748663
